                    MATRIX A
           7           9          13
          19           4           5
           6           8          10
  
                Inverse of MatA
   0.00000000       6.25000000E-02  -3.12500000E-02
 -0.714285731      -3.57142873E-02  0.946428597    
  0.571428597      -8.92857183E-03 -0.638392866    
  
  
                    MATRIX B
           5           3          12
           5           9          12
           2           9           6
  
                 Inverse of MatB
  -1.50000000       2.50000000      -2.00000000    
 -0.166666672      0.166666672       0.00000000    
  0.750000000      -1.08333337      0.833333313    
